01   0.11542255083719889    0.02526445144280826
02   0.10415469805399577    0.015773717539644395
03   0.10184259414672851    0.015804758297811073
04   0.11408532460530599    0.036267630665316075
05   0.1064735730489095    0.01802681477184336
06   0.10194644927978516    0.018683099094817034
07   0.11427637736002604    0.026425316909575808
08   0.1074453353881836    0.01410141634769823
09   0.10927610397338867    0.01256720682333419
10   0.13718841870625814    0.014221624105849894
15   0.3016904671986898    0.026032978419464694
20   0.5256563981374105    0.017316607665873892
25   0.30868043899536135    0.02240017463828135
30   0.4140255610148112    0.01586689495292433
35   0.4948033650716146    0.02098465413305967
40   0.8250953515370687    0.013939579812962911
45   0.7727904796600342    0.011117440276990577

01   0.11542255083719889    0.02526445144280826
02   0.10415469805399577    0.015773717539644395
03   0.10184259414672851    0.015804758297811073
04   0.11408532460530599    0.036267630665316075
05   0.1064735730489095    0.01802681477184336
06   0.10194644927978516    0.018683099094817034
07   0.11427637736002604    0.026425316909575808
08   0.1074453353881836    0.01410141634769823
09   0.10927610397338867    0.01256720682333419
10   0.13718841870625814    0.014221624105849894
15   0.3016904671986898    0.026032978419464694
20   0.5256563981374105    0.017316607665873892
25   0.30868043899536135    0.02240017463828135
30   0.4140255610148112    0.01586689495292433
35   0.4948033650716146    0.02098465413305967
40   0.8250953515370687    0.013939579812962911
45   0.7727904796600342    0.011117440276990577
